CHR SNPID POS A1 A2 p.value p.value.NA Is.converge var1 var2 N AC AF
12 rs82759 82759 2 1 0.133569760725374 0.133569760725374 TRUE 0.0730851580752439 0.0775928420327556 1000 74 0.037
6 rs38604 38604 2 1 0.368857056414989 0.368857056414989 TRUE 0.0546842849120598 0.0577718236718312 1000 439 0.2195
17 rs112274 112274 2 1 0.2773192802367 0.2773192802367 TRUE 0.099855602722264 0.107588190624457 1000 24 0.012
7 rs45424 45424 2 1 0.486545265225224 0.486545265225224 TRUE 0.0792409427212049 0.0842568207847022 1000 46 0.023
19 rs129018 129018 2 1 0.422690541636826 0.422690541636826 TRUE 0.0722756417862146 0.0766713778151849 1000 134 0.067
17 rs111876 111876 2 1 0.923864700601876 0.923864700601876 TRUE 0.064656993171304 0.0682821154966224 1000 242 0.121
15 rs102462 102462 2 1 0.60518691256245 0.60518691256245 TRUE 0.0735982367572869 0.0775431237925356 1000 45 0.0225
9 rs61565 61565 2 1 0.212507130414192 0.212507130414192 TRUE 0.0659439124143745 0.0699618678050911 1000 108 0.054
7 rs45155 45155 2 1 0.231809709032899 0.231809709032899 TRUE 0.0376435573269484 0.0399434078882697 1000 998 0.499
16 rs105650 105650 2 1 0.733935159981422 0.733935159981422 TRUE 0.0385074477202865 0.040750161608622 1000 952 0.476
16 rs107074 107074 2 1 0.544737454178871 0.544737454178871 TRUE 0.0676068268138906 0.0715630766892206 1000 237 0.1185
10 rs66643 66643 2 1 0.931486517296925 0.931486517296925 TRUE 0.0410953493376327 0.0434622261423355 1000 929 0.4645
11 rs74769 74769 2 1 0.394686858010251 0.394686858010251 TRUE 0.0667388038240718 0.0706355525815024 1000 220 0.11
3 rs18988 18988 2 1 0.478386085233108 0.478386085233108 TRUE 0.0747897943940406 0.0795223065337874 1000 126 0.063
14 rs91229 91229 2 1 0.631389164069249 0.631389164069249 TRUE 0.0459198332009076 0.0487239614097525 1000 821 0.4105
10 rs66129 66129 2 1 0.900100823213503 0.900100823213503 TRUE 0.0441829614483883 0.0469606361288457 1000 868 0.434
2 rs12545 12545 2 1 0.551843911185481 0.551843911185481 TRUE 0.0801467251508021 0.0849309601691089 1000 50 0.025
18 rs116350 116350 2 1 0.685030341458234 0.685030341458234 TRUE 0.081260065420255 0.0864031462921984 1000 114 0.057
9 rs62871 62871 2 1 0.196206940285892 0.196206940285892 TRUE 0.0698417200722628 0.0737154324225025 1000 99 0.0495
13 rs87558 87558 2 1 0.99127349409131 0.99127349409131 TRUE 0.0654790671735878 0.0694666122768859 1000 276 0.138
11 rs74213 74213 2 1 0.972686334972065 0.972686334972065 TRUE 0.0701610530905745 0.0742139266567954 1000 153 0.0765
4 rs25413 25413 2 1 0.664152201810735 0.664152201810735 TRUE 0.0660516897911793 0.0699369920733733 1000 234 0.117
17 rs110347 110347 2 1 0.161236688188027 0.161236688188027 TRUE 0.0711274871527585 0.0750312176160378 1000 39 0.0195
11 rs76112 76112 2 1 0.842487807084394 0.842487807084394 TRUE 0.0664585341406876 0.069873588454168 1000 55 0.0275
6 rs38616 38616 2 1 0.791680553245401 0.791680553245401 TRUE 0.0647139695743261 0.0684259740416437 1000 120 0.06
19 rs124025 124025 2 1 0.264244827464917 0.264244827464917 TRUE 0.0800354356547241 0.0848812464213698 1000 40 0.02
7 rs47785 47785 2 1 0.147904961348607 0.147904961348607 TRUE 0.0581755280659399 0.0613536603801334 1000 420 0.21
2 rs13587 13587 2 1 0.460433891601324 0.460433891601324 TRUE 0.0657197780176076 0.0688017593805185 1000 25 0.0125
9 rs57825 57825 2 1 0.879734216268419 0.879734216268419 TRUE 0.0977400166511363 0.103853349747755 1000 25 0.0125
12 rs80676 80676 2 1 0.876267308272834 0.876267308272834 TRUE 0.0680991401718063 0.071455074289146 1000 27 0.0135
