CHR SNPID POS A1 A2 p.value p.value.NA Is.converge var1 var2 N AC AF
5 rs29670 29670 2 1 0.358494968758312 0.358494968758312 TRUE 0.0855207492065019 0.0914316586389396 1000 22 0.011
8 rs51574 51574 2 1 0.759639595565803 0.759639595565803 TRUE 0.0769861650848476 0.0823243900959314 1000 59 0.0295
2 rs14074 14074 2 1 0.421204857889508 0.421204857889508 TRUE 0.059370887386417 0.0632191004999314 1000 567 0.2835
6 rs39057 39057 2 1 0.190438756819893 0.190438756819893 TRUE 0.0401320886916262 0.04262273594893 1000 926 0.463
2 rs10278 10278 2 1 0.377694943225209 0.377694943225209 TRUE 0.064459132609433 0.0679940536899012 1000 157 0.0785
16 rs105491 105491 2 1 0.349318250842818 0.349318250842818 TRUE 0.061803601736278 0.0657705995926536 1000 335 0.1675
18 rs122235 122235 2 1 0.0505849590041927 0.0505849590041927 TRUE 0.0794209081927175 0.0848357995890418 1000 29 0.0145
8 rs52094 52094 2 1 0.578338127673825 0.578338127673825 TRUE 0.0794292864397901 0.0851530040971878 1000 29 0.0145
16 rs107560 107560 2 1 0.988695972947774 0.988695972947774 TRUE 0.0951502020340122 0.103452498291353 1000 21 0.0105
7 rs43354 43354 2 1 0.176898361869776 0.176898361869776 TRUE 0.0734125874353828 0.077368515716235 1000 52 0.026
8 rs53906 53906 2 1 0.790088394130245 0.790088394130245 TRUE 0.0676803578363929 0.071761295317708 1000 73 0.0365
2 rs8395 8395 2 1 0.559163300689575 0.559163300689575 TRUE 0.0677734979280323 0.0718637296367561 1000 226 0.113
16 rs107256 107256 2 1 0.0972995601031591 0.0972995601031591 TRUE 0.0739120128666156 0.079003521661382 1000 91 0.0455
15 rs101801 101801 2 1 0.617073554553502 0.617073554553502 TRUE 0.0664387018601609 0.0700831271787942 1000 94 0.047
4 rs26878 26878 2 1 0.453152387251464 0.453152387251464 TRUE 0.0704162393379213 0.0744871313025402 1000 59 0.0295
16 rs106024 106024 2 1 0.880815634742904 0.880815634742904 TRUE 0.0492721822658384 0.0521672871282599 1000 659 0.3295
4 rs26269 26269 2 1 0.634086799451062 0.634086799451062 TRUE 0.075016575047789 0.0801626996937802 1000 130 0.065
2 rs9996 9996 2 1 0.955056270803106 0.955056270803106 TRUE 0.0672596279422844 0.0714753069194068 1000 120 0.06
1 rs4994 4994 2 1 0.988864910263963 0.988864910263963 TRUE 0.0389275434182099 0.0412940891759557 1000 957 0.4785
5 rs32388 32388 2 1 0.701629652227098 0.701629652227098 TRUE 0.0746654645917718 0.0798858759989494 1000 37 0.0185
16 rs103362 103362 2 1 0.480595310146033 0.480595310146033 TRUE 0.0806397666174824 0.0853107543324348 1000 90 0.045
6 rs37573 37573 2 1 0.125806434068793 0.125806434068793 TRUE 0.0842122243429176 0.0900877484105976 1000 50 0.025
9 rs56748 56748 2 1 0.0769042698325434 0.0769042698325434 TRUE 0.0721928066144634 0.0766431603509731 1000 56 0.028
12 rs78904 78904 2 1 0.778817878662247 0.778817878662247 TRUE 0.0717494889010994 0.0753812223565323 1000 58 0.029
19 rs125407 125407 2 1 0.125337686879342 0.125337686879342 TRUE 0.0729969300443951 0.0779374395857332 1000 161 0.0805
2 rs13815 13815 2 1 0.356481873747623 0.356481873747623 TRUE 0.0689703652012555 0.073270451983038 1000 75 0.0375
3 rs17058 17058 2 1 0.618095609163829 0.618095609163829 TRUE 0.0879418465321901 0.094502095334472 1000 57 0.0285
1 rs6428 6428 2 1 0.270466570453527 0.270466570453527 TRUE 0.0519419446183047 0.0553505253471102 1000 588 0.294
18 rs122096 122096 2 1 0.744643673621329 0.744643673621329 TRUE 0.068298328189226 0.0727328653865964 1000 211 0.1055
17 rs114858 114858 2 1 0.277345064875688 0.277345064875688 TRUE 0.0665309679083588 0.0706908559763397 1000 45 0.0225
