CHR SNPID POS A1 A2 p.value p.value.NA Is.converge var1 var2 N AC AF
2 rs12777 12777 2 1 0.184800474439214 0.184800474439214 TRUE 0.0594006419205166 0.0627564689289746 1000 369 0.1845
1 rs2690 2690 2 1 0.118188336162568 0.118188336162568 TRUE 0.0679742188284158 0.0719522112856051 1000 190 0.095
5 rs32276 32276 2 1 0.876758946348719 0.876758946348719 TRUE 0.0819141178583586 0.0867592372308562 1000 31 0.0155
5 rs29912 29912 2 1 0.080560985633396 0.080560985633396 TRUE 0.079378772558863 0.0843657826844407 1000 130 0.065
1 rs405 405 2 1 0.979892039007914 0.979892039007914 TRUE 0.0549919386703339 0.0581278331547035 1000 370 0.185
3 rs15246 15246 2 1 0.611164998832661 0.611164998832661 TRUE 0.0420424855970963 0.0444535118227812 1000 815 0.4075
4 rs28133 28133 2 1 0.730686196598601 0.730686196598601 TRUE 0.0745463572087664 0.0790589969257534 1000 168 0.084
1 rs466 466 2 1 0.71810138207359 0.71810138207359 TRUE 0.0434400702137479 0.0459803384312619 1000 841 0.4205
5 rs33363 33363 2 1 0.639363126956393 0.639363126956393 TRUE 0.0674631942126254 0.0712342720005947 1000 57 0.0285
4 rs24906 24906 2 1 0.462916292702731 0.462916292702731 TRUE 0.0789207041798105 0.0835331796613935 1000 42 0.021
2 rs8931 8931 2 1 0.818699226219136 0.818699226219136 TRUE 0.0443556565169134 0.047009253487222 1000 848 0.424
5 rs31571 31571 2 1 0.401977676859229 0.401977676859229 TRUE 0.0724638794572972 0.0763634560317581 1000 39 0.0195
1 rs2296 2296 2 1 0.75995589221372 0.75995589221372 TRUE 0.0633281418015001 0.0665286968291299 1000 137 0.0685
3 rs18920 18920 2 1 0.215832799089662 0.215832799089662 TRUE 0.0651767360074954 0.0691052168191725 1000 281 0.1405
5 rs29517 29517 2 1 0.125235141253274 0.125235141253274 TRUE 0.0747650090416283 0.079799128096078 1000 205 0.1025
3 rs21376 21376 2 1 0.0754772522753444 0.0754772522753444 TRUE 0.0494287954743579 0.0524829664433764 1000 772 0.386
4 rs27588 27588 2 1 0.443344726145795 0.443344726145795 TRUE 0.092758007822223 0.099212580236416 1000 46 0.023
2 rs9510 9510 2 1 0.75880047889916 0.75880047889916 TRUE 0.0477482252447875 0.0505967327558699 1000 773 0.3865
2 rs9751 9751 2 1 0.791985985100349 0.791985985100349 TRUE 0.0505659276637004 0.0538332540623455 1000 725 0.3625
4 rs22654 22654 2 1 0.725386435974365 0.725386435974365 TRUE 0.0489772948513135 0.052020358993785 1000 690 0.345
5 rs31556 31556 2 1 0.608395696379353 0.608395696379353 TRUE 0.0859455206237126 0.0910377007983204 1000 41 0.0205
4 rs26763 26763 2 1 0.692066602074627 0.692066602074627 TRUE 0.0642437003506897 0.0680466908895766 1000 366 0.183
4 rs22601 22601 2 1 0.640732346519016 0.640732346519016 TRUE 0.0685191973103683 0.0722324699997111 1000 55 0.0275
3 rs18394 18394 2 1 0.760314599177781 0.760314599177781 TRUE 0.0734196416452414 0.0776759454766694 1000 59 0.0295
1 rs1611 1611 2 1 0.100452357852637 0.100452357852637 TRUE 0.0529963098449027 0.0561514512495065 1000 652 0.326
5 rs29288 29288 2 1 0.516306369391392 0.516306369391392 TRUE 0.0410529896920426 0.0434524519366736 1000 914 0.457
1 rs764 764 2 1 0.709804097754214 0.709804097754214 TRUE 0.0610307345108631 0.0641510769555773 1000 233 0.1165
1 rs2952 2952 2 1 0.709126678384205 0.709126678384205 TRUE 0.0648705900326442 0.0685908155585066 1000 246 0.123
1 rs6741 6741 2 1 0.671343479162127 0.671343479162127 TRUE 0.0433680454200266 0.0459371001417032 1000 773 0.3865
3 rs18011 18011 2 1 0.863286313739288 0.863286313739288 TRUE 0.0783762562282254 0.082380535119977 1000 31 0.0155
