CHR	POS	MarkerID	Allele1	Allele2	AC_Allele2	AF_Allele2	MissingRate	BETA	SE	Tstat	var	p.value	p.value.NA	Is.SPA	AF_case	AF_ctrl	N_case	N_ctrl	N_case_hom	N_case_het	N_ctrl_hom	N_ctrl_het
1	4	rs4	A	C	20	0.01	0	-0.0679407	0.792196	-0.108259	1.59344	0.931655	0.931655	false	0.0102041	0.00997783	98	902	0	2	0	18
1	12	rs12	A	C	30	0.015	0	-0.085294	0.658163	-0.196903	2.30852	0.896887	0.896887	false	0.0153061	0.0149667	98	902	0	3	0	27
1	14	rs14	A	C	75	0.0375	0	-0.0668447	0.43486	-0.353483	5.28812	0.877834	0.877834	false	0.0306122	0.0382483	98	902	1	4	2	65
1	15	rs15	A	C	244	0.122	0	-0.283404	0.247033	-4.64406	16.3867	0.251285	0.251285	false	0.0969388	0.124723	98	902	2	15	12	201
1	20	rs20	A	C	762	0.381	0	-0.00295628	0.165374	-0.108096	36.5649	0.985738	0.985738	false	0.367347	0.382483	98	902	14	44	128	434
1	22	rs22	A	C	459	0.2295	0	0.14426	0.194152	3.82702	26.5287	0.457466	0.457466	false	0.255102	0.226718	98	902	7	36	43	323
1	23	rs23	A	C	607	0.3035	0	-0.445869	0.174641	-14.6492	32.8553	0.0106783	0.0105974	true	0.229592	0.31153	98	902	5	35	93	376
1	26	rs26	A	C	996	0.498	0	0.29614	0.163362	11.0968	37.4713	0.0698649	0.0698649	false	0.561224	0.491131	98	902	30	50	212	462
1	27	rs27	A	C	234	0.117	0	-0.223621	0.257946	-3.3609	15.0294	0.38598	0.38598	false	0.102041	0.118625	98	902	0	20	10	194
1	29	rs29	A	C	531	0.2655	0	-0.178239	0.187158	-5.08845	28.5484	0.340922	0.340922	false	0.219388	0.27051	98	902	5	33	64	360
1	30	rs30	A	C	351	0.1755	0	-0.135457	0.210621	-3.0535	22.5422	0.520139	0.520139	false	0.147959	0.178492	98	902	5	19	34	254
1	37	rs37	A	C	34	0.017	0	-0.418747	0.663428	-0.951402	2.27202	0.527918	0.527918	false	0.0102041	0.0177384	98	902	0	2	0	32
1	38	rs38	A	C	102	0.051	0	0.99936	0.382975	6.85779	6.86218	0.00906839	0.00884726	true	0.0816327	0.0476718	98	902	0	16	2	82
1	48	rs48	A	C	580	0.29	0	-0.26261	0.17851	-8.24107	31.3814	0.141259	0.141259	false	0.239796	0.295455	98	902	3	41	85	363
1	50	rs50	A	C	145	0.0725	0	-0.132381	0.307784	-1.39744	10.5562	0.667116	0.667116	false	0.0612245	0.0737251	98	902	0	12	9	115
1	54	rs54	A	C	216	0.108	0	-0.399966	0.269194	-5.5194	13.7997	0.137335	0.137335	false	0.0765306	0.111419	98	902	0	15	9	183
1	57	rs57	A	C	366	0.183	0	-0.256518	0.206846	-5.9955	23.3726	0.214923	0.214923	false	0.158163	0.185698	98	902	0	31	38	259
1	64	rs64	A	C	869	0.4345	0	0.221833	0.158469	8.83353	39.8207	0.16156	0.16156	false	0.489796	0.428492	98	902	24	48	175	423
1	66	rs66	A	C	567	0.2835	0	0.120384	0.173256	4.01042	33.3137	0.487161	0.487161	false	0.30102	0.281596	98	902	15	29	71	366
1	68	rs68	A	C	545	0.2725	0	-0.0129006	0.181822	-0.390227	30.2487	0.943436	0.943436	false	0.270408	0.272727	98	902	9	35	64	364
1	71	rs71	A	C	45	0.0225	0	0.247977	0.523892	0.903501	3.64348	0.635973	0.635973	false	0.0306122	0.0216186	98	902	0	6	0	39
1	75	rs75	A	C	60	0.03	0	-0.0962399	0.445974	-0.483878	5.02783	0.829146	0.829146	false	0.0306122	0.0299335	98	902	0	6	2	50
1	79	rs79	A	C	22	0.011	0	0.424988	0.754522	0.746505	1.75653	0.573262	0.573262	false	0.0153061	0.0105322	98	902	0	3	0	19
1	81	rs81	A	C	314	0.157	0	0.223499	0.219504	4.63865	20.7547	0.308582	0.308582	false	0.178571	0.154656	98	902	5	25	20	239
1	83	rs83	A	C	48	0.024	0	-1.01213	0.54116	-3.45608	3.41467	0.0614437	0.0614437	false	0.00510204	0.0260532	98	902	0	1	0	47
1	86	rs86	A	C	304	0.152	0	0.236749	0.227526	4.57328	19.317	0.29809	0.29809	false	0.178571	0.149113	98	902	4	27	15	239
1	90	rs90	A	C	135	0.0675	0	-0.00738605	0.308888	-0.0774124	10.4809	0.980923	0.980923	false	0.0663265	0.0676275	98	902	2	9	6	110
1	92	rs92	A	C	217	0.1085	0	-0.264256	0.253373	-4.11627	15.5768	0.29697	0.29697	false	0.0918367	0.11031	98	902	3	12	10	179
1	94	rs94	A	C	699	0.3495	0	-0.0590066	0.169077	-2.0641	34.9809	0.727095	0.727095	false	0.341837	0.350333	98	902	10	47	109	414
1	96	rs96	A	C	219	0.1095	0	0.319255	0.253863	4.95379	15.5167	0.208542	0.208542	false	0.137755	0.10643	98	902	1	25	12	168
1	97	rs97	A	C	801	0.4005	0	-0.28058	0.165596	-10.232	36.4672	0.0901953	0.0901953	false	0.346939	0.406319	98	902	10	48	148	437
1	99	rs99	A	C	284	0.142	0	-0.468426	0.238397	-8.24213	17.5954	0.049426	0.049426	false	0.0918367	0.14745	98	902	0	18	17	232
