CHR	POS	MarkerID	Allele1	Allele2	AC_Allele2	AF_Allele2	MissingRate	BETA	SE	Tstat	var	p.value	p.value.NA	Is.SPA	AF_case	AF_ctrl	N_case	N_ctrl	N_case_hom	N_case_het	N_ctrl_hom	N_ctrl_het
1	4	rs4	A	C	20	0.01	0	-0.151995	0.781969	-0.248571	1.63539	0.845883	0.845883	false	0.0102041	0.00997783	98	902	0	2	0	18
1	12	rs12	A	C	30	0.015	0	-0.101707	0.661821	-0.232204	2.28307	0.877864	0.877864	false	0.0153061	0.0149667	98	902	0	3	0	27
1	14	rs14	A	C	75	0.0375	0	-0.07574	0.431925	-0.405984	5.36023	0.860801	0.860801	false	0.0306122	0.0382483	98	902	1	4	2	65
1	15	rs15	A	C	244	0.122	0	-0.282246	0.247478	-4.60844	16.3278	0.254083	0.254083	false	0.0969388	0.124723	98	902	2	15	12	201
1	20	rs20	A	C	762	0.381	0	-0.022197	6.11449e+06	-5.93708e-16	2.67473e-14	1	1	false	0.367347	0.382483	98	902	14	44	128	434
1	22	rs22	A	C	459	0.2295	0	0.2457	8.6472e+06	-3.28589e-15	-1.33736e-14	1	1	false	0.255102	0.226718	98	902	7	36	43	323
1	23	rs23	A	C	607	0.3035	0	-0.461854	0.182876	-14.4765	32.7839	0.0115385	0.011461	true	0.229592	0.31153	98	902	5	35	93	376
1	26	rs26	A	C	996	0.498	0	0.294545	0.163834	10.9734	37.2554	0.0722055	0.0722055	false	0.561224	0.491131	98	902	30	50	212	462
1	27	rs27	A	C	234	0.117	0	-0.2286	0.259936	-3.38332	14.8002	0.379159	0.379159	false	0.102041	0.118625	98	902	0	20	10	194
1	29	rs29	A	C	531	0.2655	0	-0.168897	0.188007	-4.77827	28.2911	0.368998	0.368998	false	0.219388	0.27051	98	902	5	33	64	360
1	30	rs30	A	C	351	0.1755	0	-0.152678	0.210411	-3.44856	22.5872	0.468074	0.468074	false	0.147959	0.178492	98	902	5	19	34	254
1	37	rs37	A	C	34	0.017	0	-0.400015	0.67102	-0.888392	2.2209	0.551089	0.551089	false	0.0102041	0.0177384	98	902	0	2	0	32
1	38	rs38	A	C	102	0.051	0	0.829066	0.299178	6.73488	6.85235	0.0102455	0.0100872	true	0.0816327	0.0476718	98	902	0	16	2	82
1	48	rs48	A	C	580	0.29	0	-0.272523	0.178875	-8.51737	31.2538	0.127623	0.127623	false	0.239796	0.295455	98	902	3	41	85	363
1	50	rs50	A	C	145	0.0725	0	-0.109237	0.311704	-1.12431	10.2923	0.726	0.726	false	0.0612245	0.0737251	98	902	0	12	9	115
1	54	rs54	A	C	216	0.108	0	-0.397679	0.269819	-5.46246	13.7359	0.140516	0.140516	false	0.0765306	0.111419	98	902	0	15	9	183
1	57	rs57	A	C	366	0.183	0	-0.251377	0.207536	-5.83632	23.2174	0.225801	0.225801	false	0.158163	0.185698	98	902	0	31	38	259
1	64	rs64	A	C	869	0.4345	0	0.222343	0.159352	8.75606	39.3808	0.162927	0.162927	false	0.489796	0.428492	98	902	24	48	175	423
1	66	rs66	A	C	567	0.2835	0	0.122907	0.174067	4.05646	33.0042	0.480129	0.480129	false	0.30102	0.281596	98	902	15	29	71	366
1	68	rs68	A	C	545	0.2725	0	-0.00479246	0.182143	-0.144456	30.1422	0.979009	0.979009	false	0.270408	0.272727	98	902	9	35	64	364
1	71	rs71	A	C	45	0.0225	0	0.291182	0.535918	1.01384	3.4818	0.5869	0.5869	false	0.0306122	0.0216186	98	902	0	6	0	39
1	75	rs75	A	C	60	0.03	0	-0.0929405	0.447492	-0.464125	4.99379	0.835469	0.835469	false	0.0306122	0.0299335	98	902	0	6	2	50
1	79	rs79	A	C	22	0.011	0	0.334738	0.753897	0.588953	1.75944	0.657035	0.657035	false	0.0153061	0.0105322	98	902	0	3	0	19
1	81	rs81	A	C	314	0.157	0	0.208158	0.220084	4.2975	20.6454	0.344245	0.344245	false	0.178571	0.154656	98	902	5	25	20	239
1	83	rs83	A	C	48	0.024	0	-1.01956	0.545038	-3.4321	3.36625	0.0613973	0.0613973	false	0.00510204	0.0260532	98	902	0	1	0	47
1	86	rs86	A	C	304	0.152	0	0.22108	0.22816	4.24688	19.2097	0.332561	0.332561	false	0.178571	0.149113	98	902	4	27	15	239
1	90	rs90	A	C	135	0.0675	0	-0.000325258	0.310415	-0.00337554	10.378	0.999164	0.999164	false	0.0663265	0.0676275	98	902	2	9	6	110
1	92	rs92	A	C	217	0.1085	0	-0.254456	0.255566	-3.8959	15.3107	0.319416	0.319416	false	0.0918367	0.11031	98	902	3	12	10	179
1	94	rs94	A	C	699	0.3495	0	-0.0579148	0.170131	-2.00088	34.5487	0.733546	0.733546	false	0.341837	0.350333	98	902	10	47	109	414
1	96	rs96	A	C	219	0.1095	0	0.34368	0.255766	5.25374	15.2867	0.179036	0.179036	false	0.137755	0.10643	98	902	1	25	12	168
1	97	rs97	A	C	801	0.4005	0	-0.288233	0.166406	-10.4089	36.1128	0.0832545	0.0832545	false	0.346939	0.406319	98	902	10	48	148	437
1	99	rs99	A	C	284	0.142	0	-0.527097	0.265159	-8.23199	17.4613	0.0488382	0.0488382	false	0.0918367	0.14745	98	902	0	18	17	232
