CHR	POS	MarkerID	Allele1	Allele2	AC_Allele2	AF_Allele2	MissingRate	BETA	SE	Tstat	var	p.value	p.value.NA	Is.SPA	AF_case	AF_ctrl	N_case	N_ctrl	N_case_hom	N_case_het	N_ctrl_hom	N_ctrl_het
1	4	rs4	A	C	20	0.01	0	-0.0672505	0.7908	-0.107538	1.59907	0.932229	0.932229	false	0.0102041	0.00997783	98	902	0	2	0	18
1	12	rs12	A	C	30	0.015	0	-0.0900763	0.6558	-0.209444	2.32518	0.890752	0.890752	false	0.0153061	0.0149667	98	902	0	3	0	27
1	14	rs14	A	C	75	0.0375	0	-0.0677511	0.434059	-0.3596	5.30766	0.875964	0.875964	false	0.0306122	0.0382483	98	902	1	4	2	65
1	15	rs15	A	C	244	0.122	0	-0.282936	0.246496	-4.65658	16.4581	0.251038	0.251038	false	0.0969388	0.124723	98	902	2	15	12	201
1	20	rs20	A	C	762	0.381	0	-0.00344167	0.165004	-0.12641	36.7292	0.983359	0.983359	false	0.367347	0.382483	98	902	14	44	128	434
1	22	rs22	A	C	459	0.2295	0	0.142622	0.193705	3.80108	26.6513	0.461556	0.461556	false	0.255102	0.226718	98	902	7	36	43	323
1	23	rs23	A	C	607	0.3035	0	-0.466926	0.182859	-14.6769	33.3456	0.0131142	0.0110333	true	0.229592	0.31153	98	902	5	35	93	376
1	26	rs26	A	C	996	0.498	0	0.296686	0.163088	11.1546	37.5971	0.0688845	0.0688845	false	0.561224	0.491131	98	902	30	50	212	462
1	27	rs27	A	C	234	0.117	0	-0.223796	0.2574	-3.37782	15.0933	0.384602	0.384602	false	0.102041	0.118625	98	902	0	20	10	194
1	29	rs29	A	C	531	0.2655	0	-0.177966	0.186752	-5.10278	28.6728	0.340614	0.340614	false	0.219388	0.27051	98	902	5	33	64	360
1	30	rs30	A	C	351	0.1755	0	-0.13604	0.210194	-3.07912	22.6339	0.517495	0.517495	false	0.147959	0.178492	98	902	5	19	34	254
1	37	rs37	A	C	34	0.017	0	-0.416918	0.662017	-0.951288	2.28172	0.528846	0.528846	false	0.0102041	0.0177384	98	902	0	2	0	32
1	38	rs38	A	C	102	0.051	0	0.830941	0.297839	6.89307	6.96145	0.00921103	0.00898719	true	0.0816327	0.0476718	98	902	0	16	2	82
1	48	rs48	A	C	580	0.29	0	-0.261585	0.178153	-8.24193	31.5076	0.142017	0.142017	false	0.239796	0.295455	98	902	3	41	85	363
1	50	rs50	A	C	145	0.0725	0	-0.133252	0.306862	-1.41511	10.6198	0.664112	0.664112	false	0.0612245	0.0737251	98	902	0	12	9	115
1	54	rs54	A	C	216	0.108	0	-0.399607	0.268632	-5.53755	13.8575	0.136866	0.136866	false	0.0765306	0.111419	98	902	0	15	9	183
1	57	rs57	A	C	366	0.183	0	-0.256685	0.206321	-6.02994	23.4916	0.213461	0.213461	false	0.158163	0.185698	98	902	0	31	38	259
1	64	rs64	A	C	869	0.4345	0	0.220023	0.158096	8.80295	40.0093	0.164011	0.164011	false	0.489796	0.428492	98	902	24	48	175	423
1	66	rs66	A	C	567	0.2835	0	0.119967	0.172932	4.01152	33.4387	0.487857	0.487857	false	0.30102	0.281596	98	902	15	29	71	366
1	68	rs68	A	C	545	0.2725	0	-0.0117165	0.181513	-0.355616	30.3518	0.948533	0.948533	false	0.270408	0.272727	98	902	9	35	64	364
1	71	rs71	A	C	45	0.0225	0	0.250066	0.523232	0.913412	3.65268	0.632703	0.632703	false	0.0306122	0.0216186	98	902	0	6	0	39
1	75	rs75	A	C	60	0.03	0	-0.0938147	0.445169	-0.473393	5.04604	0.83309	0.83309	false	0.0306122	0.0299335	98	902	0	6	2	50
1	79	rs79	A	C	22	0.011	0	0.427226	0.754071	0.751333	1.75863	0.571014	0.571014	false	0.0153061	0.0105322	98	902	0	3	0	19
1	81	rs81	A	C	314	0.157	0	0.224941	0.219181	4.68236	20.8159	0.304758	0.304758	false	0.178571	0.154656	98	902	5	25	20	239
1	83	rs83	A	C	48	0.024	0	-1.00707	0.540861	-3.44262	3.41845	0.0626063	0.0626063	false	0.00510204	0.0260532	98	902	0	1	0	47
1	86	rs86	A	C	304	0.152	0	0.234755	0.227057	4.55352	19.3969	0.30118	0.30118	false	0.178571	0.149113	98	902	4	27	15	239
1	90	rs90	A	C	135	0.0675	0	-0.00903612	0.308141	-0.0951663	10.5318	0.976606	0.976606	false	0.0663265	0.0676275	98	902	2	9	6	110
1	92	rs92	A	C	217	0.1085	0	-0.264703	0.252862	-4.13992	15.6398	0.295179	0.295179	false	0.0918367	0.11031	98	902	3	12	10	179
1	94	rs94	A	C	699	0.3495	0	-0.0589262	0.168761	-2.06902	35.112	0.726962	0.726962	false	0.341837	0.350333	98	902	10	47	109	414
1	96	rs96	A	C	219	0.1095	0	0.318984	0.253442	4.96608	15.5684	0.208171	0.208171	false	0.137755	0.10643	98	902	1	25	12	168
1	97	rs97	A	C	801	0.4005	0	-0.278659	0.16526	-10.2032	36.6155	0.0917602	0.0917602	false	0.346939	0.406319	98	902	10	48	148	437
1	99	rs99	A	C	284	0.142	0	-0.460842	0.23633	-8.25114	17.9045	0.0511769	0.0511769	false	0.0918367	0.14745	98	902	0	18	17	232
