CHR	POS	MarkerID	Allele1	Allele2	AC_Allele2	AF_Allele2	MissingRate	BETA	SE	Tstat	var	p.value	p.value.NA	Is.SPA	AF_case	AF_ctrl	N_case	N_ctrl	N_case_hom	N_case_het	N_ctrl_hom	N_ctrl_het
1	4	rs4	A	C	20	0.01	0	-0.0671235	0.790053	-0.107538	1.60209	0.932293	0.932293	false	0.0102041	0.00997783	98	902	0	2	0	18
1	12	rs12	A	C	30	0.015	0	-0.0899061	0.65518	-0.209444	2.32958	0.890854	0.890854	false	0.0153061	0.0149667	98	902	0	3	0	27
1	14	rs14	A	C	75	0.0375	0	-0.0676231	0.433649	-0.3596	5.3177	0.87608	0.87608	false	0.0306122	0.0382483	98	902	1	4	2	65
1	15	rs15	A	C	244	0.122	0	-0.282401	0.246263	-4.65658	16.4892	0.251487	0.251487	false	0.0969388	0.124723	98	902	2	15	12	201
1	20	rs20	A	C	762	0.381	0	-0.00343517	0.164848	-0.12641	36.7987	0.983375	0.983375	false	0.367347	0.382483	98	902	14	44	128	434
1	22	rs22	A	C	459	0.2295	0	0.142353	0.193522	3.80108	26.7018	0.461979	0.461979	false	0.255102	0.226718	98	902	7	36	43	323
1	23	rs23	A	C	607	0.3035	0	-0.440144	0.177431	-14.6769	33.3456	0.0131142	0.0110333	true	0.229592	0.31153	98	902	5	35	93	376
1	26	rs26	A	C	996	0.498	0	0.296126	0.162934	11.1546	37.6683	0.0691471	0.0691471	false	0.561224	0.491131	98	902	30	50	212	462
1	27	rs27	A	C	234	0.117	0	-0.223373	0.257156	-3.37782	15.1219	0.385051	0.385051	false	0.102041	0.118625	98	902	0	20	10	194
1	29	rs29	A	C	531	0.2655	0	-0.17763	0.186575	-5.10278	28.7271	0.34107	0.34107	false	0.219388	0.27051	98	902	5	33	64	360
1	30	rs30	A	C	351	0.1755	0	-0.135783	0.209995	-3.07912	22.6768	0.517891	0.517891	false	0.147959	0.178492	98	902	5	19	34	254
1	37	rs37	A	C	34	0.017	0	-0.41613	0.661392	-0.951288	2.28603	0.529235	0.529235	false	0.0102041	0.0177384	98	902	0	2	0	32
1	38	rs38	A	C	102	0.051	0	0.990178	0.380235	6.89307	6.96145	0.00921103	0.00898719	true	0.0816327	0.0476718	98	902	0	16	2	82
1	48	rs48	A	C	580	0.29	0	-0.261091	0.177984	-8.24193	31.5673	0.142394	0.142394	false	0.239796	0.295455	98	902	3	41	85	363
1	50	rs50	A	C	145	0.0725	0	-0.133001	0.306572	-1.41511	10.6399	0.66441	0.66441	false	0.0612245	0.0737251	98	902	0	12	9	115
1	54	rs54	A	C	216	0.108	0	-0.398852	0.268378	-5.53755	13.8837	0.137238	0.137238	false	0.0765306	0.111419	98	902	0	15	9	183
1	57	rs57	A	C	366	0.183	0	-0.2562	0.206126	-6.02994	23.5361	0.213894	0.213894	false	0.158163	0.185698	98	902	0	31	38	259
1	64	rs64	A	C	869	0.4345	0	0.219607	0.157946	8.80295	40.085	0.16441	0.16441	false	0.489796	0.428492	98	902	24	48	175	423
1	66	rs66	A	C	567	0.2835	0	0.11974	0.172769	4.01152	33.502	0.488268	0.488268	false	0.30102	0.281596	98	902	15	29	71	366
1	68	rs68	A	C	545	0.2725	0	-0.0116944	0.181342	-0.355616	30.4092	0.948582	0.948582	false	0.270408	0.272727	98	902	9	35	64	364
1	71	rs71	A	C	45	0.0225	0	0.249594	0.522738	0.913412	3.65959	0.633024	0.633024	false	0.0306122	0.0216186	98	902	0	6	0	39
1	75	rs75	A	C	60	0.03	0	-0.0936375	0.444748	-0.473393	5.05559	0.833246	0.833246	false	0.0306122	0.0299335	98	902	0	6	2	50
1	79	rs79	A	C	22	0.011	0	0.426419	0.753359	0.751333	1.76196	0.571378	0.571378	false	0.0153061	0.0105322	98	902	0	3	0	19
1	81	rs81	A	C	314	0.157	0	0.224516	0.218974	4.68236	20.8553	0.305216	0.305216	false	0.178571	0.154656	98	902	5	25	20	239
1	83	rs83	A	C	48	0.024	0	-1.00517	0.54035	-3.44262	3.42492	0.0628547	0.0628547	false	0.00510204	0.0260532	98	902	0	1	0	47
1	86	rs86	A	C	304	0.152	0	0.234312	0.226842	4.55352	19.4336	0.301637	0.301637	false	0.178571	0.149113	98	902	4	27	15	239
1	90	rs90	A	C	135	0.0675	0	-0.00901905	0.30785	-0.0951663	10.5517	0.976628	0.976628	false	0.0663265	0.0676275	98	902	2	9	6	110
1	92	rs92	A	C	217	0.1085	0	-0.264203	0.252623	-4.13992	15.6694	0.295635	0.295635	false	0.0918367	0.11031	98	902	3	12	10	179
1	94	rs94	A	C	699	0.3495	0	-0.0588149	0.168602	-2.06902	35.1785	0.72721	0.72721	false	0.341837	0.350333	98	902	10	47	109	414
1	96	rs96	A	C	219	0.1095	0	0.318382	0.253202	4.96608	15.5979	0.208601	0.208601	false	0.137755	0.10643	98	902	1	25	12	168
1	97	rs97	A	C	801	0.4005	0	-0.278133	0.165104	-10.2032	36.6848	0.0920674	0.0920674	false	0.346939	0.406319	98	902	10	48	148	437
1	99	rs99	A	C	284	0.142	0	-0.460842	0.23633	-8.25114	17.9045	0.0511769	0.0511769	false	0.0918367	0.14745	98	902	0	18	17	232
