CHR	POS	MarkerID	Allele1	Allele2	AC_Allele2	AF_Allele2	MissingRate	BETA	SE	Tstat	var	p.value	p.value.NA	Is.SPA	AF_case	AF_ctrl	N_case	N_ctrl	N_case_hom	N_case_het	N_ctrl_hom	N_ctrl_het
1	4	rs4	A	C	20	0.01	0	-0.0667891	0.788083	-0.107538	1.61011	0.932461	0.932461	false	0.0102041	0.00997783	98	902	0	2	0	18
1	12	rs12	A	C	30	0.015	0	-0.0894456	0.653501	-0.209444	2.34158	0.891132	0.891132	false	0.0153061	0.0149667	98	902	0	3	0	27
1	14	rs14	A	C	75	0.0375	0	-0.0665623	0.430234	-0.359599	5.40245	0.877049	0.877049	false	0.0306122	0.0382483	98	902	1	4	2	65
1	15	rs15	A	C	244	0.122	0	-0.279893	0.245167	-4.65659	16.637	0.253603	0.253603	false	0.0969388	0.124723	98	902	2	15	12	201
1	20	rs20	A	C	762	0.381	0	-0.0034083	0.164202	-0.12641	37.0889	0.98344	0.98344	false	0.367347	0.382483	98	902	14	44	128	434
1	22	rs22	A	C	459	0.2295	0	0.141357	0.192843	3.80108	26.89	0.463551	0.463551	false	0.255102	0.226718	98	902	7	36	43	323
1	23	rs23	A	C	607	0.3035	0	-0.466926	0.182859	-14.6769	33.3452	0.0131142	0.0110328	true	0.229592	0.31153	98	902	5	35	93	376
1	26	rs26	A	C	996	0.498	0	0.29929	0.159415	11.1546	38.0042	0.0703875	0.0703875	false	0.561224	0.491131	98	902	30	50	212	462
1	27	rs27	A	C	234	0.117	0	-0.221308	0.255965	-3.37782	15.263	0.387257	0.387257	false	0.102041	0.118625	98	902	0	20	10	194
1	29	rs29	A	C	531	0.2655	0	-0.175616	0.185515	-5.10278	29.0565	0.343822	0.343822	false	0.219388	0.27051	98	902	5	33	64	360
1	30	rs30	A	C	351	0.1755	0	-0.134611	0.209087	-3.07912	22.8742	0.519702	0.519702	false	0.147959	0.178492	98	902	5	19	34	254
1	37	rs37	A	C	34	0.017	0	-0.41072	0.657078	-0.951288	2.31615	0.531925	0.531925	false	0.0102041	0.0177384	98	902	0	2	0	32
1	38	rs38	A	C	102	0.051	0	0.830941	0.297839	6.89308	6.96142	0.00921088	0.00898703	true	0.0816327	0.0476718	98	902	0	16	2	82
1	48	rs48	A	C	580	0.29	0	-0.258873	0.177227	-8.24193	31.8377	0.1441	0.1441	false	0.239796	0.295455	98	902	3	41	85	363
1	50	rs50	A	C	145	0.0725	0	-0.132102	0.305535	-1.41511	10.7122	0.665476	0.665476	false	0.0612245	0.0737251	98	902	0	12	9	115
1	54	rs54	A	C	216	0.108	0	-0.394579	0.266937	-5.53755	14.0341	0.139361	0.139361	false	0.0765306	0.111419	98	902	0	15	9	183
1	57	rs57	A	C	366	0.183	0	-0.254409	0.205404	-6.02995	23.7017	0.215502	0.215502	false	0.158163	0.185698	98	902	0	31	38	259
1	64	rs64	A	C	869	0.4345	0	0.21824	0.157454	8.80295	40.336	0.165729	0.165729	false	0.489796	0.428492	98	902	24	48	175	423
1	66	rs66	A	C	567	0.2835	0	0.119229	0.172399	4.01152	33.6456	0.489198	0.489198	false	0.30102	0.281596	98	902	15	29	71	366
1	68	rs68	A	C	545	0.2725	0	-0.0116057	0.180652	-0.355618	30.6418	0.948777	0.948777	false	0.270408	0.272727	98	902	9	35	64	364
1	71	rs71	A	C	45	0.0225	0	0.249308	0.522438	0.913412	3.66379	0.633219	0.633219	false	0.0306122	0.0216186	98	902	0	6	0	39
1	75	rs75	A	C	60	0.03	0	-0.0930319	0.443307	-0.473393	5.0885	0.833778	0.833778	false	0.0306122	0.0299335	98	902	0	6	2	50
1	79	rs79	A	C	22	0.011	0	0.420557	0.748163	0.751334	1.78652	0.574034	0.574034	false	0.0153061	0.0105322	98	902	0	3	0	19
1	81	rs81	A	C	314	0.157	0	0.22229	0.217885	4.68236	21.0642	0.307626	0.307626	false	0.178571	0.154656	98	902	5	25	20	239
1	83	rs83	A	C	48	0.024	0	-1.32394	0.860047	-3.44262	3.46522	0.0644045	0.0644045	false	0.00510204	0.0260532	98	902	0	1	0	47
1	86	rs86	A	C	304	0.152	0	0.232794	0.226106	4.55352	19.5603	0.303208	0.303208	false	0.178571	0.149113	98	902	4	27	15	239
1	90	rs90	A	C	135	0.0675	0	-0.00899085	0.307367	-0.0951669	10.5849	0.976664	0.976664	false	0.0663265	0.0676275	98	902	2	9	6	110
1	92	rs92	A	C	217	0.1085	0	-0.262469	0.251793	-4.13992	15.773	0.297225	0.297225	false	0.0918367	0.11031	98	902	3	12	10	179
1	94	rs94	A	C	699	0.3495	0	-0.0583392	0.167918	-2.06902	35.4653	0.728271	0.728271	false	0.341837	0.350333	98	902	10	47	109	414
1	96	rs96	A	C	219	0.1095	0	0.31664	0.252508	4.96608	15.6837	0.20985	0.20985	false	0.137755	0.10643	98	902	1	25	12	168
1	97	rs97	A	C	801	0.4005	0	-0.271995	0.163296	-10.2032	36.9527	0.0932546	0.0932546	false	0.346939	0.406319	98	902	10	48	148	437
1	99	rs99	A	C	284	0.142	0	-0.521429	0.263917	-8.25115	17.9044	0.0511761	0.0511761	false	0.0918367	0.14745	98	902	0	18	17	232
