0 0 13
10 0 1
12 0 4
18 0 6
20 0 3
21 0 13
24 0 20
25 0 3
27 0 8
28 0 4
36 0 7
46 0 12
1 1 3
18 1 4
20 1 1
21 1 3
24 1 4
25 1 2
27 1 2
28 1 1
36 1 1
46 1 3
48 1 1
2 2 6
12 2 1
18 2 4
20 2 3
21 2 3
24 2 4
25 2 1
27 2 3
28 2 2
36 2 1
46 2 2
3 3 134
6 3 1
10 3 7
11 3 1
12 3 17
13 3 33
17 3 2
18 3 90
20 3 40
21 3 78
24 3 121
25 3 30
27 3 53
28 3 43
31 3 7
35 3 1
36 3 16
43 3 2
44 3 1
46 3 70
48 3 15
4 4 1
20 4 1
46 4 1
48 4 1
5 5 1
24 5 1
35 5 1
46 5 1
3 6 1
6 6 8
10 6 2
12 6 4
13 6 5
18 6 6
20 6 5
21 6 3
24 6 11
25 6 1
27 6 6
28 6 7
36 6 8
46 6 3
48 6 2
7 7 26
10 7 4
12 7 2
13 7 9
18 7 19
20 7 12
21 7 23
24 7 21
25 7 8
27 7 15
28 7 12
29 7 1
36 7 6
46 7 15
47 7 2
48 7 6
8 8 23
10 8 1
11 8 2
12 8 1
13 8 7
18 8 25
20 8 13
21 8 12
24 8 25
25 8 1
27 8 15
28 8 5
36 8 2
46 8 18
9 9 10
12 9 1
18 9 5
20 9 1
21 9 3
24 9 14
27 9 5
28 9 3
46 9 6
48 9 1
0 10 1
3 10 7
6 10 2
7 10 4
8 10 1
10 10 236
11 10 1
12 10 10
13 10 61
15 10 1
18 10 199
20 10 115
21 10 137
24 10 230
25 10 51
27 10 98
28 10 81
29 10 2
30 10 2
31 10 12
32 10 2
35 10 11
36 10 19
37 10 1
43 10 1
44 10 4
46 10 145
48 10 36
3 11 1
8 11 2
10 11 1
11 11 10
12 11 2
18 11 11
20 11 4
21 11 7
24 11 4
25 11 2
27 11 7
28 11 5
46 11 8
0 12 4
2 12 1
3 12 17
6 12 4
7 12 2
8 12 1
9 12 1
10 12 10
11 12 2
12 12 448
13 12 100
15 12 7
18 12 315
20 12 224
21 12 243
24 12 404
25 12 64
27 12 194
28 12 144
29 12 2
30 12 1
31 12 13
32 12 6
33 12 3
34 12 1
35 12 17
36 12 53
37 12 2
44 12 2
46 12 234
47 12 2
48 12 63
3 13 33
6 13 5
7 13 9
8 13 7
10 13 61
12 13 100
13 13 1291
15 13 5
16 13 2
17 13 2
18 13 908
20 13 552
21 13 698
23 13 1
24 13 1066
25 13 231
26 13 1
27 13 545
28 13 438
29 13 21
30 13 10
31 13 55
32 13 17
35 13 32
36 13 105
38 13 2
39 13 1
41 13 5
42 13 1
43 13 8
44 13 16
45 13 3
46 13 668
47 13 2
48 13 178
14 14 12
18 14 9
20 14 9
21 14 8
24 14 6
25 14 1
27 14 3
28 14 3
36 14 2
46 14 12
48 14 1
10 15 1
12 15 7
13 15 5
15 15 34
16 15 1
18 15 26
20 15 18
21 15 27
24 15 36
25 15 5
26 15 1
27 15 20
28 15 12
31 15 1
35 15 2
36 15 3
44 15 1
46 15 10
47 15 1
13 16 2
15 16 1
16 16 7
18 16 1
20 16 2
21 16 7
24 16 5
25 16 1
27 16 4
28 16 2
3 17 2
13 17 2
17 17 11
18 17 12
21 17 9
24 17 12
25 17 1
27 17 10
28 17 5
32 17 2
36 17 1
42 17 2
44 17 2
46 17 12
48 17 6
0 18 6
1 18 4
2 18 4
3 18 90
6 18 6
7 18 19
8 18 25
9 18 5
10 18 199
11 18 11
12 18 315
13 18 908
14 18 9
15 18 26
16 18 1
17 18 12
18 18 5104
19 18 2
20 18 1658
21 18 2242
23 18 1
24 18 3591
25 18 772
26 18 4
27 18 1773
28 18 1287
29 18 59
30 18 14
31 18 154
32 18 59
34 18 1
35 18 137
36 18 390
37 18 11
38 18 2
39 18 3
40 18 3
41 18 9
42 18 12
43 18 11
44 18 39
45 18 5
46 18 2154
47 18 18
48 18 507
18 19 2
19 19 2
20 19 1
27 19 2
28 19 2
0 20 3
1 20 1
2 20 3
3 20 40
4 20 1
6 20 5
7 20 12
8 20 13
9 20 1
10 20 115
11 20 4
12 20 224
13 20 552
14 20 9
15 20 18
16 20 2
18 20 1658
19 20 1
20 20 2711
21 20 1347
23 20 1
24 20 2115
25 20 460
26 20 2
27 20 979
28 20 742
29 20 31
30 20 9
31 20 85
32 20 23
33 20 3
34 20 1
35 20 74
36 20 244
37 20 1
38 20 1
40 20 1
41 20 3
42 20 3
43 20 4
44 20 27
45 20 4
46 20 1279
47 20 12
48 20 319
0 21 13
1 21 3
2 21 3
3 21 78
6 21 3
7 21 23
8 21 12
9 21 3
10 21 137
11 21 7
12 21 243
13 21 698
14 21 8
15 21 27
16 21 7
17 21 9
18 21 2242
20 21 1347
21 21 3823
22 21 2
23 21 1
24 21 2865
25 21 652
26 21 4
27 21 1435
28 21 961
29 21 31
30 21 13
31 21 122
32 21 49
34 21 2
35 21 95
36 21 304
37 21 4
39 21 3
41 21 2
42 21 2
43 21 9
44 21 38
45 21 10
46 21 1691
47 21 13
48 21 498
21 22 2
22 22 3
24 22 4
25 22 1
27 22 1
32 22 1
46 22 2
13 23 1
18 23 1
20 23 1
21 23 1
23 23 2
24 23 2
27 23 1
28 23 1
31 23 1
46 23 2
0 24 20
1 24 4
2 24 4
3 24 121
5 24 1
6 24 11
7 24 21
8 24 25
9 24 14
10 24 230
11 24 4
12 24 404
13 24 1066
14 24 6
15 24 36
16 24 5
17 24 12
18 24 3591
20 24 2115
21 24 2865
22 24 4
23 24 2
24 24 7116
25 24 979
26 24 3
27 24 2245
28 24 1666
29 24 55
30 24 15
31 24 190
32 24 81
33 24 4
35 24 167
36 24 517
37 24 7
38 24 1
39 24 3
40 24 2
41 24 2
42 24 12
43 24 16
44 24 37
45 24 13
46 24 2809
47 24 25
48 24 738
0 25 3
1 25 2
2 25 1
3 25 30
6 25 1
7 25 8
8 25 1
10 25 51
11 25 2
12 25 64
13 25 231
14 25 1
15 25 5
16 25 1
17 25 1
18 25 772
20 25 460
21 25 652
22 25 1
24 25 979
25 25 1123
27 25 451
28 25 370
29 25 10
30 25 2
31 25 26
32 25 9
33 25 1
35 25 29
36 25 125
37 25 3
40 25 1
42 25 4
43 25 8
44 25 2
45 25 1
46 25 621
47 25 7
48 25 168
13 26 1
15 26 1
18 26 4
20 26 2
21 26 4
24 26 3
26 26 5
27 26 1
28 26 2
46 26 2
47 26 2
0 27 8
1 27 2
2 27 3
3 27 53
6 27 6
7 27 15
8 27 15
9 27 5
10 27 98
11 27 7
12 27 194
13 27 545
14 27 3
15 27 20
16 27 4
17 27 10
18 27 1773
19 27 2
20 27 979
21 27 1435
22 27 1
23 27 1
24 27 2245
25 27 451
26 27 1
27 27 2943
28 27 822
29 27 24
30 27 4
31 27 79
32 27 32
35 27 90
36 27 254
37 27 5
38 27 2
39 27 1
40 27 1
41 27 3
42 27 4
43 27 13
44 27 30
45 27 5
46 27 1355
47 27 10
48 27 377
0 28 4
1 28 1
2 28 2
3 28 43
6 28 7
7 28 12
8 28 5
9 28 3
10 28 81
11 28 5
12 28 144
13 28 438
14 28 3
15 28 12
16 28 2
17 28 5
18 28 1287
19 28 2
20 28 742
21 28 961
23 28 1
24 28 1666
25 28 370
26 28 2
27 28 822
28 28 2041
29 28 29
30 28 5
31 28 72
32 28 27
33 28 8
35 28 63
36 28 170
37 28 4
38 28 1
39 28 2
41 28 5
42 28 6
43 28 5
44 28 22
45 28 4
46 28 1002
47 28 14
48 28 239
7 29 1
10 29 2
12 29 2
13 29 21
18 29 59
20 29 31
21 29 31
24 29 55
25 29 10
27 29 24
28 29 29
29 29 58
32 29 5
35 29 7
41 29 2
44 29 3
46 29 17
48 29 7
10 30 2
12 30 1
13 30 10
18 30 14
20 30 9
21 30 13
24 30 15
25 30 2
27 30 4
28 30 5
30 30 14
31 30 3
46 30 9
48 30 2
3 31 7
10 31 12
12 31 13
13 31 55
15 31 1
18 31 154
20 31 85
21 31 122
23 31 1
24 31 190
25 31 26
27 31 79
28 31 72
30 31 3
31 31 183
35 31 8
36 31 25
41 31 1
43 31 1
44 31 1
46 31 84
48 31 26
10 32 2
12 32 6
13 32 17
17 32 2
18 32 59
20 32 23
21 32 49
22 32 1
24 32 81
25 32 9
27 32 32
28 32 27
29 32 5
32 32 75
35 32 8
36 32 13
40 32 1
42 32 1
44 32 2
46 32 35
48 32 14
12 33 3
20 33 3
24 33 4
25 33 1
28 33 8
33 33 5
46 33 3
12 34 1
18 34 1
20 34 1
21 34 2
34 34 1
46 34 1
3 35 1
5 35 1
10 35 11
12 35 17
13 35 32
15 35 2
18 35 137
20 35 74
21 35 95
24 35 167
25 35 29
27 35 90
28 35 63
29 35 7
31 35 8
32 35 8
35 35 185
36 35 16
37 35 1
38 35 1
39 35 1
43 35 2
44 35 3
45 35 2
46 35 102
48 35 28
0 36 7
1 36 1
2 36 1
3 36 16
6 36 8
7 36 6
8 36 2
10 36 19
12 36 53
13 36 105
14 36 2
15 36 3
17 36 1
18 36 390
20 36 244
21 36 304
24 36 517
25 36 125
27 36 254
28 36 170
31 36 25
32 36 13
35 36 16
36 36 552
39 36 1
40 36 1
42 36 1
44 36 4
46 36 283
47 36 5
48 36 81
10 37 1
12 37 2
18 37 11
20 37 1
21 37 4
24 37 7
25 37 3
27 37 5
28 37 4
35 37 1
37 37 9
46 37 6
13 38 2
18 38 2
20 38 1
24 38 1
27 38 2
28 38 1
35 38 1
38 38 2
39 38 1
46 38 1
13 39 1
18 39 3
21 39 3
24 39 3
27 39 1
28 39 2
35 39 1
36 39 1
38 39 1
39 39 6
46 39 3
48 39 1
18 40 3
20 40 1
24 40 2
25 40 1
27 40 1
32 40 1
36 40 1
40 40 2
46 40 1
13 41 5
18 41 9
20 41 3
21 41 2
24 41 2
27 41 3
28 41 5
29 41 2
31 41 1
41 41 5
46 41 3
48 41 1
13 42 1
17 42 2
18 42 12
20 42 3
21 42 2
24 42 12
25 42 4
27 42 4
28 42 6
32 42 1
36 42 1
42 42 13
46 42 9
48 42 1
3 43 2
10 43 1
13 43 8
18 43 11
20 43 4
21 43 9
24 43 16
25 43 8
27 43 13
28 43 5
31 43 1
35 43 2
43 43 19
46 43 12
48 43 1
3 44 1
10 44 4
12 44 2
13 44 16
15 44 1
17 44 2
18 44 39
20 44 27
21 44 38
24 44 37
25 44 2
27 44 30
28 44 22
29 44 3
31 44 1
32 44 2
35 44 3
36 44 4
44 44 56
46 44 26
48 44 9
13 45 3
18 45 5
20 45 4
21 45 10
24 45 13
25 45 1
27 45 5
28 45 4
35 45 2
45 45 10
46 45 6
0 46 12
1 46 3
2 46 2
3 46 70
4 46 1
5 46 1
6 46 3
7 46 15
8 46 18
9 46 6
10 46 145
11 46 8
12 46 234
13 46 668
14 46 12
15 46 10
17 46 12
18 46 2154
20 46 1279
21 46 1691
22 46 2
23 46 2
24 46 2809
25 46 621
26 46 2
27 46 1355
28 46 1002
29 46 17
30 46 9
31 46 84
32 46 35
33 46 3
34 46 1
35 46 102
36 46 283
37 46 6
38 46 1
39 46 3
40 46 1
41 46 3
42 46 9
43 46 12
44 46 26
45 46 6
46 46 3734
47 46 22
48 46 420
7 47 2
12 47 2
13 47 2
15 47 1
18 47 18
20 47 12
21 47 13
24 47 25
25 47 7
26 47 2
27 47 10
28 47 14
36 47 5
46 47 22
47 47 26
48 47 4
1 48 1
3 48 15
4 48 1
6 48 2
7 48 6
9 48 1
10 48 36
12 48 63
13 48 178
14 48 1
17 48 6
18 48 507
20 48 319
21 48 498
24 48 738
25 48 168
27 48 377
28 48 239
29 48 7
30 48 2
31 48 26
32 48 14
35 48 28
36 48 81
39 48 1
41 48 1
42 48 1
43 48 1
44 48 9
46 48 420
47 48 4
48 48 821
