0 0 4
4 0 2
10 0 3
12 0 3
13 0 6
16 0 2
24 0 1
26 0 3
35 0 2
37 0 3
38 0 2
39 0 5
1 1 1278
3 1 2
4 1 442
5 1 6
6 1 11
7 1 2
9 1 4
10 1 1051
11 1 6
12 1 649
13 1 571
15 1 9
16 1 73
17 1 4
19 1 14
20 1 77
23 1 3
24 1 48
25 1 2
26 1 328
27 1 36
29 1 3
30 1 373
32 1 2
33 1 178
34 1 17
35 1 273
36 1 10
37 1 818
38 1 254
39 1 913
41 1 309
2 2 6
4 2 1
10 2 5
12 2 4
13 2 3
26 2 1
30 2 1
33 2 1
37 2 5
39 2 8
1 3 2
3 3 15
4 3 10
10 3 17
12 3 9
13 3 5
23 3 1
26 3 2
30 3 9
33 3 1
35 3 1
37 3 8
38 3 8
39 3 8
41 3 5
0 4 2
1 4 442
2 4 1
3 4 10
4 4 2100
5 4 10
6 4 14
7 4 7
9 4 3
10 4 1579
11 4 6
12 4 1050
13 4 958
14 4 2
15 4 11
16 4 114
17 4 6
18 4 1
19 4 10
20 4 112
22 4 6
23 4 2
24 4 61
25 4 4
26 4 507
27 4 56
28 4 1
29 4 2
30 4 495
31 4 1
32 4 4
33 4 257
34 4 26
35 4 478
36 4 4
37 4 1171
38 4 383
39 4 1439
40 4 1
41 4 440
42 4 3
1 5 6
4 5 10
5 5 28
10 5 29
12 5 15
13 5 7
16 5 1
24 5 1
26 5 8
30 5 11
32 5 1
33 5 1
35 5 10
37 5 13
38 5 10
39 5 16
41 5 9
1 6 11
4 6 14
6 6 41
10 6 34
11 6 2
12 6 19
13 6 12
15 6 1
16 6 2
20 6 5
24 6 1
26 6 11
27 6 1
30 6 24
33 6 10
35 6 5
37 6 35
38 6 10
39 6 33
41 6 16
1 7 2
4 7 7
7 7 9
10 7 12
12 7 6
13 7 8
26 7 2
30 7 1
37 7 5
38 7 3
39 7 8
41 7 3
8 8 2
10 8 2
20 8 1
24 8 1
33 8 1
39 8 1
1 9 4
4 9 3
9 9 7
10 9 5
12 9 5
13 9 3
20 9 3
26 9 2
30 9 2
35 9 1
37 9 3
38 9 3
39 9 4
41 9 1
0 10 3
1 10 1051
2 10 5
3 10 17
4 10 1579
5 10 29
6 10 34
7 10 12
8 10 2
9 10 5
10 10 6674
11 10 24
12 10 2578
13 10 2290
14 10 4
15 10 52
16 10 238
17 10 11
18 10 4
19 10 22
20 10 358
21 10 3
22 10 8
23 10 4
24 10 165
25 10 10
26 10 1355
27 10 148
28 10 2
29 10 16
30 10 1453
32 10 9
33 10 640
34 10 93
35 10 1082
36 10 29
37 10 3129
38 10 969
39 10 3523
40 10 6
41 10 1280
42 10 1
1 11 6
4 11 6
6 11 2
10 11 24
11 11 26
12 11 13
13 11 17
16 11 1
19 11 1
26 11 5
30 11 6
33 11 4
35 11 6
37 11 11
38 11 9
39 11 14
41 11 9
0 12 3
1 12 649
2 12 4
3 12 9
4 12 1050
5 12 15
6 12 19
7 12 6
9 12 5
10 12 2578
11 12 13
12 12 3742
13 12 1476
14 12 2
15 12 24
16 12 174
17 12 11
19 12 23
20 12 204
22 12 7
23 12 2
24 12 111
25 12 1
26 12 890
27 12 85
29 12 4
30 12 878
31 12 3
32 12 8
33 12 435
34 12 67
35 12 719
36 12 26
37 12 2026
38 12 697
39 12 2274
40 12 6
41 12 779
42 12 2
0 13 6
1 13 571
2 13 3
3 13 5
4 13 958
5 13 7
6 13 12
7 13 8
9 13 3
10 13 2290
11 13 17
12 13 1476
13 13 3151
14 13 4
15 13 24
16 13 159
17 13 12
19 13 19
20 13 170
22 13 2
23 13 2
24 13 74
25 13 7
26 13 755
27 13 97
29 13 3
30 13 792
31 13 5
32 13 4
33 13 367
34 13 61
35 13 648
36 13 22
37 13 1751
38 13 569
39 13 1959
40 13 4
41 13 646
4 14 2
10 14 4
12 14 2
13 14 4
14 14 3
26 14 1
30 14 1
35 14 1
38 14 1
39 14 2
1 15 9
4 15 11
6 15 1
10 15 52
12 15 24
13 15 24
15 15 47
16 15 6
17 15 2
20 15 2
24 15 4
26 15 23
30 15 14
33 15 3
34 15 1
35 15 12
37 15 40
38 15 11
39 15 44
41 15 16
0 16 2
1 16 73
4 16 114
5 16 1
6 16 2
10 16 238
11 16 1
12 16 174
13 16 159
15 16 6
16 16 305
19 16 4
20 16 24
22 16 2
24 16 15
25 16 1
26 16 118
27 16 16
30 16 102
33 16 31
34 16 11
35 16 92
36 16 1
37 16 237
38 16 76
39 16 235
41 16 71
1 17 4
4 17 6
10 17 11
12 17 11
13 17 12
15 17 2
17 17 15
20 17 1
26 17 2
30 17 7
33 17 1
34 17 1
35 17 7
37 17 8
38 17 7
39 17 10
41 17 2
4 18 1
10 18 4
18 18 3
26 18 1
30 18 1
37 18 5
38 18 2
39 18 4
1 19 14
4 19 10
10 19 22
11 19 1
12 19 23
13 19 19
16 19 4
19 19 30
20 19 4
24 19 1
26 19 6
27 19 3
30 19 11
33 19 2
35 19 3
36 19 4
37 19 26
38 19 7
39 19 23
41 19 6
1 20 77
4 20 112
6 20 5
8 20 1
9 20 3
10 20 358
12 20 204
13 20 170
15 20 2
16 20 24
17 20 1
19 20 4
20 20 369
21 20 1
22 20 1
24 20 23
25 20 1
26 20 105
27 20 16
28 20 1
30 20 123
31 20 1
33 20 50
34 20 7
35 20 66
36 20 2
37 20 248
38 20 71
39 20 250
41 20 98
10 21 3
20 21 1
21 21 2
30 21 2
35 21 1
37 21 2
39 21 1
4 22 6
10 22 8
12 22 7
13 22 2
16 22 2
20 22 1
22 22 17
26 22 8
30 22 3
35 22 3
37 22 12
38 22 3
39 22 13
41 22 7
1 23 3
3 23 1
4 23 2
10 23 4
12 23 2
13 23 2
23 23 6
30 23 4
33 23 4
37 23 1
38 23 4
39 23 3
41 23 4
0 24 1
1 24 48
4 24 61
5 24 1
6 24 1
8 24 1
10 24 165
12 24 111
13 24 74
15 24 4
16 24 15
19 24 1
20 24 23
24 24 187
26 24 73
27 24 11
30 24 61
33 24 38
34 24 4
35 24 29
37 24 128
38 24 33
39 24 148
41 24 48
1 25 2
4 25 4
10 25 10
12 25 1
13 25 7
16 25 1
20 25 1
25 25 9
30 25 3
35 25 3
37 25 10
38 25 3
39 25 11
41 25 1
0 26 3
1 26 328
2 26 1
3 26 2
4 26 507
5 26 8
6 26 11
7 26 2
9 26 2
10 26 1355
11 26 5
12 26 890
13 26 755
14 26 1
15 26 23
16 26 118
17 26 2
18 26 1
19 26 6
20 26 105
22 26 8
24 26 73
26 26 1704
27 26 60
28 26 3
29 26 2
30 26 503
32 26 2
33 26 221
34 26 21
35 26 375
36 26 3
37 26 1005
38 26 304
39 26 1200
41 26 369
1 27 36
4 27 56
6 27 1
10 27 148
12 27 85
13 27 97
16 27 16
19 27 3
20 27 16
24 27 11
26 27 60
27 27 165
30 27 46
32 27 2
33 27 26
34 27 1
35 27 40
37 27 111
38 27 22
39 27 134
41 27 39
4 28 1
10 28 2
20 28 1
26 28 3
28 28 2
30 28 1
35 28 1
37 28 2
39 28 2
41 28 1
1 29 3
4 29 2
10 29 16
12 29 4
13 29 3
26 29 2
29 29 15
30 29 4
33 29 6
35 29 4
37 29 6
38 29 4
39 29 13
1 30 373
2 30 1
3 30 9
4 30 495
5 30 11
6 30 24
7 30 1
9 30 2
10 30 1453
11 30 6
12 30 878
13 30 792
14 30 1
15 30 14
16 30 102
17 30 7
18 30 1
19 30 11
20 30 123
21 30 2
22 30 3
23 30 4
24 30 61
25 30 3
26 30 503
27 30 46
28 30 1
29 30 4
30 30 1839
32 30 3
33 30 217
34 30 26
35 30 403
36 30 17
37 30 1117
38 30 345
39 30 1237
41 30 438
4 31 1
12 31 3
13 31 5
20 31 1
31 31 4
33 31 3
37 31 2
38 31 2
39 31 1
41 31 1
1 32 2
4 32 4
5 32 1
10 32 9
12 32 8
13 32 4
26 32 2
27 32 2
30 32 3
32 32 11
35 32 3
37 32 10
38 32 1
39 32 6
1 33 178
2 33 1
3 33 1
4 33 257
5 33 1
6 33 10
8 33 1
10 33 640
11 33 4
12 33 435
13 33 367
15 33 3
16 33 31
17 33 1
19 33 2
20 33 50
23 33 4
24 33 38
26 33 221
27 33 26
29 33 6
30 33 217
31 33 3
33 33 815
34 33 11
35 33 210
36 33 7
37 33 460
38 33 138
39 33 581
41 33 225
1 34 17
4 34 26
10 34 93
12 34 67
13 34 61
15 34 1
16 34 11
17 34 1
20 34 7
24 34 4
26 34 21
27 34 1
30 34 26
33 34 11
34 34 105
35 34 17
37 34 60
38 34 39
39 34 109
41 34 25
0 35 2
1 35 273
3 35 1
4 35 478
5 35 10
6 35 5
9 35 1
10 35 1082
11 35 6
12 35 719
13 35 648
14 35 1
15 35 12
16 35 92
17 35 7
19 35 3
20 35 66
21 35 1
22 35 3
24 35 29
25 35 3
26 35 375
27 35 40
28 35 1
29 35 4
30 35 403
32 35 3
33 35 210
34 35 17
35 35 1325
36 35 8
37 35 843
38 35 259
39 35 969
41 35 292
1 36 10
4 36 4
10 36 29
12 36 26
13 36 22
16 36 1
19 36 4
20 36 2
26 36 3
30 36 17
33 36 7
35 36 8
36 36 31
37 36 31
38 36 20
39 36 19
0 37 3
1 37 818
2 37 5
3 37 8
4 37 1171
5 37 13
6 37 35
7 37 5
9 37 3
10 37 3129
11 37 11
12 37 2026
13 37 1751
15 37 40
16 37 237
17 37 8
18 37 5
19 37 26
20 37 248
21 37 2
22 37 12
23 37 1
24 37 128
25 37 10
26 37 1005
27 37 111
28 37 2
29 37 6
30 37 1117
31 37 2
32 37 10
33 37 460
34 37 60
35 37 843
36 37 31
37 37 4553
38 37 725
39 37 2654
40 37 3
41 37 905
0 38 2
1 38 254
3 38 8
4 38 383
5 38 10
6 38 10
7 38 3
9 38 3
10 38 969
11 38 9
12 38 697
13 38 569
14 38 1
15 38 11
16 38 76
17 38 7
18 38 2
19 38 7
20 38 71
22 38 3
23 38 4
24 38 33
25 38 3
26 38 304
27 38 22
29 38 4
30 38 345
31 38 2
32 38 1
33 38 138
34 38 39
35 38 259
36 38 20
37 38 725
38 38 1222
39 38 833
40 38 1
41 38 287
0 39 5
1 39 913
2 39 8
3 39 8
4 39 1439
5 39 16
6 39 33
7 39 8
8 39 1
9 39 4
10 39 3523
11 39 14
12 39 2274
13 39 1959
14 39 2
15 39 44
16 39 235
17 39 10
18 39 4
19 39 23
20 39 250
21 39 1
22 39 13
23 39 3
24 39 148
25 39 11
26 39 1200
27 39 134
28 39 2
29 39 13
30 39 1237
31 39 1
32 39 6
33 39 581
34 39 109
35 39 969
36 39 19
37 39 2654
38 39 833
39 39 5412
40 39 2
41 39 1018
42 39 3
4 40 1
10 40 6
12 40 6
13 40 4
37 40 3
38 40 1
39 40 2
40 40 4
41 40 4
1 41 309
3 41 5
4 41 440
5 41 9
6 41 16
7 41 3
9 41 1
10 41 1280
11 41 9
12 41 779
13 41 646
15 41 16
16 41 71
17 41 2
19 41 6
20 41 98
22 41 7
23 41 4
24 41 48
25 41 1
26 41 369
27 41 39
28 41 1
30 41 438
31 41 1
33 41 225
34 41 25
35 41 292
37 41 905
38 41 287
39 41 1018
40 41 4
41 41 1473
4 42 3
10 42 1
12 42 2
39 42 3
42 42 2
